0 0.000862 0.001630 0.002521 0.003505 
1 0.000861 0.001627 0.002516 0.003497 
2 0.000861 0.001628 0.002518 0.003501 
3 0.000844 0.001595 0.002467 0.003428 
4 0.000862 0.001629 0.002520 0.003503 
5 0.000840 0.001588 0.002456 0.003414 
6 0.000855 0.001616 0.002499 0.003474 
7 0.000862 0.001630 0.002522 0.003505 
8 0.000851 0.001609 0.002489 0.003460 
9 0.000845 0.001596 0.002469 0.003432 
10 0.000856 0.001618 0.002503 0.003480 
11 0.000855 0.001616 0.002498 0.003473 
12 0.000860 0.001625 0.002514 0.003495 
13 0.000853 0.001612 0.002493 0.003466 
14 0.000860 0.001627 0.002516 0.003498 
15 0.000859 0.001624 0.002511 0.003491 
16 0.000861 0.001628 0.002517 0.003499 
17 0.000856 0.001617 0.002501 0.003476 
18 0.000864 0.001632 0.002524 0.003509 
19 0.000862 0.001629 0.002520 0.003503 
20 0.000867 0.001639 0.002535 0.003524 
21 0.000861 0.001628 0.002517 0.003499 
22 0.000864 0.001634 0.002528 0.003515 
23 0.000861 0.001628 0.002518 0.003500 
24 0.000864 0.001633 0.002527 0.003514 
25 0.000865 0.001635 0.002529 0.003516 
26 0.000839 0.001586 0.002452 0.003408 
27 0.000854 0.001615 0.002498 0.003473 
28 0.000860 0.001626 0.002514 0.003495 
29 0.000838 0.001585 0.002451 0.003407 
30 0.000874 0.001652 0.002556 0.003554 
31 0.000864 0.001632 0.002524 0.003508 
